1595.000000 885.333333 976.333333 973.333333 991.333333 1060.666667 1084.000000 1043.666667 1162.666667 1236.333333 1198.666667 1217.000000 1412.666667
1752.000000 849.666667 886.333333 819.333333 869.000000 874.000000 931.000000 917.000000 940.000000 1008.333333 1098.333333 1047.666667 1004.666667
1749.333333 749.333333 817.333333 781.666667 819.000000 877.333333 877.333333 865.666667 938.333333 839.666667 922.000000 946.333333 977.333333
1588.333333 728.000000 775.666667 754.333333 779.000000 774.666667 835.000000 842.333333 808.333333 838.000000 874.000000 903.000000 917.666667
1673.666667 726.333333 735.666667 784.333333 759.000000 806.000000 763.666667 828.000000 822.666667 799.333333 812.000000 863.000000 900.666667
1636.666667 838.666667 712.666667 769.000000 758.666667 774.000000 783.333333 771.333333 812.333333 819.000000 809.666667 921.000000 811.666667
1701.333333 1077.000000 709.333333 738.333333 757.333333 734.666667 764.666667 761.666667 776.000000 806.666667 795.666667 747.333333 855.000000
1649.666667 1135.000000 889.666667 722.333333 731.000000 783.000000 766.000000 771.000000 780.000000 808.666667 811.666667 776.333333 801.000000
1664.666667 1244.666667 1119.333333 720.333333 716.333333 748.000000 757.000000 742.333333 718.666667 803.000000 760.000000 794.333333 784.333333
1608.000000 1258.333333 1160.000000 729.666667 730.000000 720.666667 732.000000 725.666667 728.333333 773.000000 757.666667 791.666667 824.000000
